ETTh1_96_96_HCAN_Informer_ETTh1_ftM_sl96_ll48_pl96_lc0.0001_lr0.001_dm512_nh8_el2_dl1_df2048_fc3_ebtimeF_dtTrue_test_0  
rmse:0.8722352385520935, mse:0.7607943415641785, mae:0.6537386775016785, rse:0.8284980058670044, corr:[0.24384288 0.2503754  0.24773681 0.24657209 0.23882188 0.2217882
 0.22889134 0.22197983 0.21992671 0.22369815 0.22066599 0.21689074
 0.20367128 0.20497549 0.20987915 0.21659212 0.21636285 0.22787862
 0.22933438 0.22945417 0.22701967 0.21670689 0.21948665 0.21477498
 0.22341257 0.23167133 0.23092116 0.23360856 0.20258327 0.20196939
 0.18851484 0.19916765 0.19464588 0.20171064 0.19139327 0.18831255
 0.18371725 0.17858164 0.17177148 0.19221827 0.21022256 0.2075661
 0.21244825 0.20379193 0.19853319 0.18801263 0.19062406 0.19719805
 0.19638994 0.21326822 0.20548105 0.20133    0.19690365 0.18109995
 0.17665449 0.17274603 0.17790644 0.17433421 0.17711952 0.16731477
 0.16257623 0.16002671 0.143657   0.16528124 0.17171629 0.18848073
 0.18544833 0.18939756 0.18979065 0.18078198 0.1796231  0.17881638
 0.1871192  0.19640264 0.20046939 0.20174702 0.18412931 0.17392452
 0.16951269 0.16288266 0.16500537 0.16886476 0.16119547 0.16080719
 0.1520134  0.15109512 0.15835209 0.16173252 0.16879272 0.1781912
 0.19513321 0.18348551 0.16957974 0.17322691 0.17534612 0.18117635]

ETTh1_96_96_Informer_ETTh1_ftM_sl96_ll48_pl96_lc0.0001_lr0.001_dm512_nh8_el2_dl1_df2048_fc3_ebtimeF_dtTrue_Exp_0  
rmse:0.8722352385520935, mse:0.7607943415641785, mae:0.6537386775016785, rse:0.8284980058670044, corr:[0.24384288 0.2503754  0.24773681 0.24657209 0.23882188 0.2217882
 0.22889134 0.22197983 0.21992671 0.22369815 0.22066599 0.21689074
 0.20367128 0.20497549 0.20987915 0.21659212 0.21636285 0.22787862
 0.22933438 0.22945417 0.22701967 0.21670689 0.21948665 0.21477498
 0.22341257 0.23167133 0.23092116 0.23360856 0.20258327 0.20196939
 0.18851484 0.19916765 0.19464588 0.20171064 0.19139327 0.18831255
 0.18371725 0.17858164 0.17177148 0.19221827 0.21022256 0.2075661
 0.21244825 0.20379193 0.19853319 0.18801263 0.19062406 0.19719805
 0.19638994 0.21326822 0.20548105 0.20133    0.19690365 0.18109995
 0.17665449 0.17274603 0.17790644 0.17433421 0.17711952 0.16731477
 0.16257623 0.16002671 0.143657   0.16528124 0.17171629 0.18848073
 0.18544833 0.18939756 0.18979065 0.18078198 0.1796231  0.17881638
 0.1871192  0.19640264 0.20046939 0.20174702 0.18412931 0.17392452
 0.16951269 0.16288266 0.16500537 0.16886476 0.16119547 0.16080719
 0.1520134  0.15109512 0.15835209 0.16173252 0.16879272 0.1781912
 0.19513321 0.18348551 0.16957974 0.17322691 0.17534612 0.18117635]

ETTh1_96_96_Informer_ETTh1_ftM_sl96_ll48_pl96_lc0.0001_lr0.001_dm512_nh8_el2_dl1_df2048_fc3_ebtimeF_dtTrue_Exp_0  
rmse:0.8722352385520935, mse:0.7607943415641785, mae:0.6537386775016785, rse:0.8284980058670044, corr:[0.24384288 0.2503754  0.24773681 0.24657209 0.23882188 0.2217882
 0.22889134 0.22197983 0.21992671 0.22369815 0.22066599 0.21689074
 0.20367128 0.20497549 0.20987915 0.21659212 0.21636285 0.22787862
 0.22933438 0.22945417 0.22701967 0.21670689 0.21948665 0.21477498
 0.22341257 0.23167133 0.23092116 0.23360856 0.20258327 0.20196939
 0.18851484 0.19916765 0.19464588 0.20171064 0.19139327 0.18831255
 0.18371725 0.17858164 0.17177148 0.19221827 0.21022256 0.2075661
 0.21244825 0.20379193 0.19853319 0.18801263 0.19062406 0.19719805
 0.19638994 0.21326822 0.20548105 0.20133    0.19690365 0.18109995
 0.17665449 0.17274603 0.17790644 0.17433421 0.17711952 0.16731477
 0.16257623 0.16002671 0.143657   0.16528124 0.17171629 0.18848073
 0.18544833 0.18939756 0.18979065 0.18078198 0.1796231  0.17881638
 0.1871192  0.19640264 0.20046939 0.20174702 0.18412931 0.17392452
 0.16951269 0.16288266 0.16500537 0.16886476 0.16119547 0.16080719
 0.1520134  0.15109512 0.15835209 0.16173252 0.16879272 0.1781912
 0.19513321 0.18348551 0.16957974 0.17322691 0.17534612 0.18117635]

